 1030
  133
  181
  100
  128
  135
  100
  183
  175
  147
  189
  146
  135
  188
  156
  129
  116
  189
  200
  155
  103
  189
  177
  106
  176
  162
  186
  178
  140
  111
  103
  134
  148
  171
  149
  131
  198
  150
  104
  111
  123
  151
  104
  175
  116
  102
  103
  145
  151
  174
  135
  194
  152
  131
  192
  197
  156
  100
  143
  164
  125
  189
  177
  106
  176
  162
  186
  178
  140
  111
  103
  134
  148
  171
  149
  131
  198
  150
  104
  111
  123
  104
  185
  188
  141
  109
  192
  188
  117
  104
  103
  187
  153
  169
  166
  156
  103
  162
  160
  104
  183
  137
  155
  112
  148
  102
  197
  147
  188
  190
  156
  192
  105
  136
  162
  197
  136
  125
  197
  170
  179
  104
  185
  188
  141
  109
  192
  188
  117
  104
  103
  187
  153
  169
  166
  156
  103
  162
  160
  104
  183
  174
  159
  107
  155
  126
  153
  181
  135
  169
  151
  155
  177
  180
  138
  103
  113
  153
  163
  167
  190
  179
  168
  110
  134
  103
  125
  104
  146
  116
  144
  119
  196
  113
  106
  106
  133
  110
  158
  138
  180
  174
  159
  107
  155
  126
  153
  181
  135
  169
  151
  155
  177
  180
  138
  103
  113
  153
  163
  167
  190
  121
  161
  138
  162
  154
  138
  157
  182
  142
  181
  198
  109
  125
  140
  177
  127
  186
  180
  189
  172
  110
  116
  184
  182
  134
  107
  147
  124
  160
  100
  116
  103
  164
  151
  176
  162
  106
  173
  186
  112
  121
  161
  138
  162
  154
  138
  157
  182
  142
  181
  198
  109
  125
  140
  177
  127
  186
  180
  189
  172
  111
  119
  100
  169
  129
  127
  123
  178
  126
  160
  158
  163
  190
  159
  115
  179
  154
  147
  166
  114
  169
  181
  126
  182
  195
  141
  149
  190
  118
  176
  109
  158
  177
  154
  112
  167
  185
  111
  144
  175
  111
  119
  100
  169
  129
  127
  123
  178
  126
  160
  158
  163
  190
  159
  115
  179
  154
  147
  166
  114
  150
  176
  144
  125
  178
  135
  131
  167
  195
  170
  179
  128
  100
  198
  165
  172
  177
  182
  196
  169
  162
  104
  114
  159
  107
  120
  174
  155
  196
  145
  184
  196
  138
  179
  116
  188
  125
  182
  140
  185
  150
  176
  144
  125
  178
  135
  131
  167
  195
  170
  179
  128
  100
  198
  165
  172
  177
  182
  196
  169
  158
  158
  189
  131
  163
  185
  138
  104
  146
  101
  172
  199
  121
  188
  108
  173
  164
  151
  138
  109
  142
  177
  162
  183
  157
  186
  196
  158
  139
  136
  144
  115
  126
  143
  160
  106
  167
  152
  126
  117
  158
  158
  189
  131
  163
  185
  138
  104
  146
  101
  172
  199
  121
  188
  108
  173
  164
  151
  138
  109
  110
  192
  134
  125
  180
  175
  160
  164
  120
  128
  157
  115
  126
  158
  140
  181
  200
  147
  186
  200
  173
  153
  116
  189
  177
  196
  110
  154
  138
  194
  200
  109
  192
  176
  186
  101
  160
  129
  128
  107
  110
  192
  134
  125
  180
  175
  160
  164
  120
  128
  157
  115
  126
  158
  140
  181
  200
  147
  186
  200
  132
  147
  119
  119
  120
  158
  132
  151
  199
  104
  174
  118
  157
  184
  107
  168
  175
  180
  165
  186
  136
  120
  183
  155
  146
  183
  178
  114
  192
  173
  176
  120
  102
  150
  120
  118
  131
  110
  124
  152
  132
  147
  119
  119
  120
  158
  132
  151
  199
  104
  174
  118
  157
  184
  107
  168
  175
  180
  165
  186
  194
  198
  143
  199
  127
  111
  195
  161
  166
  123
  179
  131
  107
  116
  148
  110
  122
  112
  171
  178
  159
  165
  128
  200
  178
  106
  194
  139
  141
  126
  189
  112
  148
  180
  124
  133
  124
  105
  136
  136
  194
  198
  143
  199
  127
  111
  195
  161
  166
  123
  179
  131
  107
  116
  148
  110
  122
  112
  171
  178
  160
  138
  192
  198
  178
  172
  186
  132
  187
  105
  152
  171
  109
  146
  160
  184
  180
  190
  137
  116
  181
  102
  141
  197
  161
  157
  195
  152
  179
  161
  123
  195
  196
  196
  124
  179
  188
  200
  156
  103
  160
  138
  192
  198
  178
  172
  186
  132
  187
  105
  152
  171
  109
  146
  160
  184
  180
  190
  137
  116
  135
  192
  140
  167
  198
  194
  111
  138
  133
  191
  104
  153
  139
  113
  185
  195
  103
  181
  148
  117
  147
  196
  188
  138
  165
  198
  171
  113
  199
  113
  141
  141
  138
  197
  190
  188
  150
  141
  100
  151
  135
  192
  140
  167
  198
  194
  111
  138
  133
  191
  104
  153
  139
  113
  185
  195
  103
  181
  148
  117
  173
  173
  109
  137
  145
  156
  158
  179
  143
  166
  182
  113
  146
  197
  161
  150
  195
  138
  121
  148
  116
  193
  151
  121
  163
  142
  127
  184
  173
  191
  175
  189
  169
  149
  175
  132
  147
  138
  174
  169
  173
  173
  109
  137
  145
  156
  158
  179
  143
  166
  182
  113
  146
  197
  161
  150
  195
  138
  121
  148
  162
  172
  190
  169
  120
  133
  177
  128
  103
  114
  161
  109
  159
  183
  120
  156
  124
  148
  161
  159
  135
  132
  178
  142
  166
  123
  182
  198
  143
  195
  157
  151
  153
  148
  193
  101
  194
  179
  114
  114
  162
  172
  190
  169
  120
  133
  177
  128
  103
  114
  161
  109
  159
  183
  120
  156
  124
  148
  161
  159
  163
  135
  150
  133
  156
  199
  141
  110
  159
  131
  166
  127
  113
  147
  187
  121
  126
  135
  103
  198
  112
  186
  164
  194
  133
  137
  191
  170
  122
  140
  117
  109
  117
  139
  136
  174
  145
  136
  138
  107
  163
  135
  150
  133
  156
  199
  141
  110
  159
  131
  166
  127
  113
  147
  187
  121
  126
  135
  103
  198
  167
  136
  182
  103
  140
  111
  132
  174
  137
  174
  110
  127
  130
  150
  169
  161
  159
  154
  155
  164
  197
  156
  195
  199
  159
  177
  123
  100
  188
  113
  118
  157
  187
  148
  161
  137
  107
  164
  187
  200
  167
  136
  182
  103
  140
  111
  132
  174
  137
  174
  110
  127
  130
  150
  169
  161
  159
  154
  155
  164
  128
  182
  153
  142
  148
  181
  118
  168
  192
  121
  139
  119
  158
  116
  188
  140
  116
  195
  189
  123
  152
  137
  189
  111
  128
  182
  153
  142
  148
  181
  118
  168
  192
  121
  139
  119
  158
  116
  188
  140
  116
  195
  189
  123
  144
  121
  154
  144
  121
  154
