 9999
24030
93188
54244
50154
26655
38447
20099
79678
63069
84029
92689
46428
55602
 6481
25328
97770
54996
 7901
80161
84895
16682
44028
64500
22845
19089
79074
 8858
 4051
62557
77535
74315
40450
  657
23220
27586
37116
82299
83695
48861
68941
78128
78211
83508
27957
41139
24890
27775
83312
 5381
30597
59888
88725
61246
88534
20786
37242
97875
84387
87773
93670
66823
 3988
14781
87988
73255
32361
74911
74734
26647
35772
95215
14041
99704
 1740
26118
 8894
27696
55105
14933
 3785
88684
75862
25913
64614
 4622
73057
60356
84971
92579
51429
16461
 5389
31524
78133
97542
59401
32351
76872
31652
31990
54905
58686
28727
 4968
85450
31618
41655
81898
 9626
 6287
53761
 8122
10078
48266
21321
94318
13308
89997
10237
93779
68242
50110
80544
92233
78889
63519
61111
26865
37209
75002
85022
29175
19863
17233
 9288
69908
66508
83168
51790
97672
48250
15396
44886
94491
46055
 1412
25507
98803
81466
65119
72821
60882
99815
39031
28685
27823
80955
48193
25840
99755
 8997
21812
31851
39561
42859
 9436
41284
52734
98964
29630
 8134
19062
48959
35998
68661
54289
94824
90463
20802
97908
64754
80827
79454
66593
62092
79041
42033
24729
40755
80564
70647
11021
  887
91887
16484
19574
32967
93145
89087
75266
54762
22168
64225
16177
 8997
33696
55056
13400
28632
37550
64160
23538
47350
18568
30336
97713
84098
72183
71254
18854
69212
36919
58575
25833
95116
79943
98770
17489
64376
56765
 3882
34296
 2060
60251
40103
52529
85961
38212
27370
20726
98057
60063
13935
36362
92194
70385
70760
30692
17923
76021
91135
69825
 7745
70562
61162
22496
77010
29315
 2128
10643
61982
84119
11806
83374
25047
62439
29440
12184
37008
 2104
69780
33984
38252
11848
61731
96033
24428
69610
53680
24541
72016
43370
22766
27407
46562
92612
31657
95622
35940
98346
91672
21158
45171
63474
13440
49373
33214
87551
99274
17926
78745
16124
68709
52765
27132
87284
19333
34923
98026
90697
38595
73536
58931
37409
73298
13920
88668
34428
77056
31578
43245
14666
32451
60184
79816
90680
44604
33799
10070
56224
32306
90441
17847
31222
78034
48856
45524
38258
10711
85365
95651
68189
76774
69660
 7524
72190
43292
72683
 9575
41677
78963
 6189
57111
67347
77725
50655
88472
16475
48499
48886
51321
22865
61775
98519
 2356
37185
58106
43833
89272
54017
19110
10432
11696
84838
32809
24830
89599
28531
51628
32477
62708
50053
13287
54713
 4394
86974
37356
78561
68776
87905
 9166
38447
42496
47992
48921
50263
43701
47915
38613
83916
83284
53932
39209
88198
68533
78857
92479
 2876
11024
95304
28004
38003
80521
92619
18760
64086
89399
63580
76246
22737
70046
33914
96273
33490
26026
20973
53012
75318
59412
43358
55264
62097
47539
43133
84366
99552
15973
20312
 6971
11299
17273
86116
23009
96383
21317
88810
64289
37417
79615
52493
92883
13169
78090
45047
71245
92603
 7782
83137
43964
48122
86536
18061
10303
37520
65051
81041
98940
69500
63917
 6660
23398
 2783
63449
81374
85776
89655
11761
65056
65133
80767
18402
18058
27938
67806
58214
97309
 4699
77108
53056
 1301
 7531
 2164
15762
86374
 6847
 2138
 1777
12801
25682
11993
98219
27424
51667
36480
98742
45744
59212
 3294
35112
57061
97906
62183
14626
65260
52956
57908
 6429
70165
55223
10969
22009
41664
93066
85255
96238
94303
 7060
44631
28486
13587
78217
28273
29750
48010
17672
49056
15346
71002
42807
20745
15142
43716
64413
92995
59255
 9234
89124
51883
58871
 8673
59483
75473
94553
94109
53884
 5834
61113
87983
64146
61596
94575
95809
68598
 8729
26658
62666
52801
85506
11829
94277
73014
33976
45770
62653
54311
81392
18905
32663
 6114
87661
 9418
79757
83650
88686
34711
96885
30170
20258
23754
88811
78181
65990
 3848
29218
39936
88270
79847
66574
69789
39733
20954
41677
71226
20041
16394
57443
56598
 8249
56336
81072
50996
23577
85508
72638
86160
19655
44404
11685
24494
11139
94689
25209
25763
42848
42229
23877
54111
 5222
51643
97094
74891
54891
51962
47313
 9306
33661
82923
 6430
69934
75225
27907
46008
57252
17761
32168
93381
41805
87387
56712
99107
19889
 6677
69241
71028
13490
 2267
 7452
26052
84563
13722
57669
94141
66381
33498
97290
97711
42713
65823
34522
83205
61783
75136
 7976
86113
83841
86059
54233
 3600
77140
94598
18575
44527
90512
91016
35868
40602
 5279
79651
90686
76971
64158
99649
31928
29706
69380
 7311
53766
51616
61204
18392
 6048
98730
26391
34574
90263
36086
34362
88461
66785
53292
67239
46217
12954
84326
54881
55617
55208
90426
73499
33226
60124
84487
38129
50056
25082
56511
57021
16968
 8231
85183
 7106
44733
86199
75091
91584
78807
16161
53539
 6286
94040
 3782
57828
43756
 2661
70441
82548
21689
41636
59827
77495
23938
88814
96516
57624
72105
26123
85937
25820
 7928
51395
37639
12566
11172
 6366
71365
  898
24404
68945
79994
53738
20268
74417
34895
69064
64332
17877
20330
 7916
78201
23333
24664
24263
44597
81884
30663
54020
65208
89623
76133
24368
50030
96979
73591
31883
96015
95615
15170
18322
85562
61359
61244
82240
79535
75734
40549
90608
93320
12145
31124
61259
71228
82486
58189
40258
28315
46854
32859
90251
18236
32910
68033
80453
40712
46508
81334
46594
97124
74290
23734
91777
82730
39379
33712
75420
 9363
19150
95162
87223
43841
29654
90517
 3320
30672
23827
64257
50331
19218
 3673
 4290
65061
 6916
62415
75820
89158
33274
17873
 3210
12247
51443
78372
46630
 8246
72652
67248
 1650
58883
26610
79839
 8598
38367
31170
30834
74814
32960
85658
81483
24667
79547
32998
91654
20384
45464
10242
85660
69789
 6707
79737
32537
16548
58629
 3549
38724
13544
59227
62089
16351
12830
33774
89352
94523
75808
85876
87448
69461
57808
65745
23243
66449
52424
44717
 1020
  593
76112
65753
43890
51792
23857
63975
19966
 3776
56030
37303
79388
67806
66635
54351
57588
13700
98581
  974
76581
47505
84687
25797
87723
 4527
 9112
62935
39693
 5062
65706
 2566
88258
49126
83248
89388
48707
95625
46256
49134
 7126
84673
50491
44534
77611
62424
38610
16614
14086
62690
90768
73189
47987
85219
32130
94339
37317
96869
31942
60851
34356
18494
32531
 4551
35060
60382
69576
83785
84283
35204
43448
 9433
19465
25891
24182
69611
28464
72470
26487
 9264
32328
86121
65728
24928
33815
 9308
98285
97992
70524
40576
90355
50643
96093
93271
36130
 8311
72732
84872
30053
57983
77598
72881
67232
22128
 8426
93199
12482
18553
70274
85700
11070
44324
55135
41484
65162
30373
 4806
98201
29024
37765
10639
79144
75939
58443
32307
92795
11022
95762
62969
20671
79926
13212
76750
49910
95055
84546
33081
94777
42065
63207
93509
78514
72129
22757
12479
58509
43974
39136
72206
 7222
76594
77574
41301
56417
63953
75907
90530
59883
99787
47833
11093
80841
59801
56350
59755
 4553
93532
73296
30906
68275
25521
65746
 2410
82757
49276
56266
65394
48988
95068
39913
67869
97197
48500
 6773
39185
52278
 8930
91159
22610
60329
80557
25835
 3131
58143
42662
26267
48435
83705
15166
22611
74871
77642
20429
28541
44206
18534
98546
20747
98722
38857
 1100
62026
54418
41595
14565
46818
18007
53110
29717
70108
41452
17477
15192
 9486
16723
36992
92852
83058
77374
58037
78262
71842
66863
69723
 2878
19438
55910
43042
94689
91369
12679
72541
63172
64849
15503
62166
22207
52078
33860
 7030
33987
38170
20361
87807
68167
41559
55852
 2697
26995
10180
67960
90643
80066
32083
17443
40619
 5455
22418
78687
65417
29153
 9306
63246
39573
56496
65136
76121
43116
69918
54784
 1881
13871
32191
12374
84943
27545
46170
29185
59401
97952
26882
79456
57500
 9223
93081
21942
61918
61810
69669
63651
89803
77595
53777
30096
 1400
73469
62995
52232
 3032
73773
88944
 4121
74246
99954
90963
33861
47600
  277
 8388
51785
33545
76604
54304
28995
33416
31755
94607
22453
62755
16055
62841
62941
 2154
51192
20190
 3660
61160
72882
30867
41177
35231
69792
83167
49450
29492
27606
75988
50771
34591
75588
97505
25656
57965
 4678
17839
 3986
22515
95714
79474
 1125
48315
93037
 9443
60557
81366
50396
64904
35939
46477
95001
11100
13699
94520
22861
77191
17694
23163
89447
34315
 1529
55677
68715
41409
75179
15897
58670
41594
10387
85345
40775
 5979
55132
37917
94798
86882
69456
30486
10876
90120
82193
66930
71241
20938
97098
26145
28921
22635
34834
49793
37451
66120
48501
66346
71213
75582
60692
97997
71114
85898
31506
65622
95056
25025
23650
 3229
  921
35759
 2908
92236
34709
90228
21927
72275
95176
84300
31030
19510
44921
12619
41573
66210
96766
35939
12072
72610
22634
36220
12977
30051
73397
69952
57473
44736
14864
42471
19325
15991
43483
34551
27487
18858
51320
74021
65457
35802
32750
99160
72158
58982
24060
54469
53124
26170
14303
73328
55083
28387
73230
74030
24408
74494
85857
46424
77601
51339
27955
64678
28889
32060
41781
88773
91483
59526
94436
32597
42130
36527
 4752
81867
86723
54758
79570
50611
13146
76321
92080
13004
67683
75453
87668
38752
46733
55778
 5139
78007
85636
76007
30326
77254
32912
61791
46811
84580
78679
15349
45061
 2982
20167
90221
91554
38426
80985
 3824
27002
37672
91812
63493
55354
24416
 2554
75983
39753
84368
45492
59547
38812
65923
47903
40984
86499
 7017
94699
76738
45525
56821
37533
11938
90460
77438
 8163
79254
10119
12734
19559
30977
55023
33787
78037
 3316
 5494
80783
10539
87659
48180
45025
61083
55657
37264
80383
84336
74997
83340
17141
68326
 2688
74840
21550
35744
39561
49165
 8495
88211
31270
13264
61763
81647
59946
74746
44108
15820
60167
 7634
17583
26653
31362
 3293
31652
26463
95013
72851
43001
12405
43162
87385
85525
75811
49021
95430
22992
90214
10874
11993
59659
30687
96697
61207
 7705
 5160
64569
97559
74516
34746
88449
63088
30486
56490
 1441
34856
99289
91491
30244
16319
11159
 3929
81953
55678
16356
 3435
24403
75267
44959
22396
86226
49077
51852
40653
75082
15361
17054
68719
50064
91475
 3535
24624
85186
16535
62755
13018
68562
70856
35114
 3918
10195
60482
14323
 4779
89259
50138
34866
67197
88797
32937
36718
89034
16551
32923
55536
85918
40245
 4401
56662
61566
14370
66001
62445
 4264
 3963
47956
32087
53758
25134
37301
17172
97005
98254
41182
92321
67480
19518
 5426
15311
97414
91815
90716
 3318
38297
53824
27469
78542
56734
14276
12604
76733
91347
39567
35520
73613
34392
80177
99354
46916
68372
23308
49048
93811
33795
64513
 5498
85566
46691
33923
  337
92139
92457
47386
87422
10357
41295
79114
93167
99612
 7128
40350
40443
70775
79797
63380
11186
97007
24712
17634
86232
62162
66620
55564
41640
33822
58013
 1737
77228
27230
 7587
55718
82706
 4369
91632
94760
 1021
53224
48997
98195
58086
97637
27880
 4376
87448
62503
96314
80754
71338
34932
85105
86456
43830
24442
16723
27868
94162
97271
 1619
15185
69642
87381
97119
80557
97831
23162
17199
95838
30997
40769
24530
54752
 5015
26594
 1145
55466
 7348
69701
79419
25511
60434
44951
70967
82331
58136
56721
84105
75408
93112
77052
98992
36246
95486
19066
28187
91955
70406
12615
35528
18829
90508
43447
  874
11152
24597
86195
86702
75241
85448
95031
96111
82081
66487
11027
72692
97078
31668
32431
20543
70915
87284
61130
57761
 9900
24271
56345
26670
31807
89973
73732
87408
58236
58281
55902
13947
46805
84471
38238
89864
45964
88312
93798
89110
77318
27031
22854
99290
50558
34001
89033
53683
75555
83672
65487
36270
 6022
36804
14291
91380
75990
49894
21627
37485
41172
40290
24010
61077
24093
64436
18652
61005
67490
35671
68668
61996
 2389
13593
13399
 6155
33888
87085
31036
26971
82397
34386
87783
77689
 4494
27010
40923
16890
65046
89831
45901
92839
69996
91193
86372
34872
71882
 7616
95255
76748
73064
44625
41333
52229
14740
44688
 4645
16957
14010
35310
72467
39957
 2473
64584
31706
50769
 4164
 1000
71110
29246
39935
91746
 4246
40716
51295
45541
80269
82468
36615
37658
21213
52784
93926
96102
51144
42069
70146
77324
11534
89697
49567
50343
68797
38999
43394
91424
52030
47225
 5623
23415
32420
84590
32871
79417
99238
55383
61169
 8739
62050
40187
50974
91938
34198
38331
22761
73577
30681
57379
34836
27025
54121
76883
68121
20733
88318
 8354
30569
84023
70383
85770
17809
61032
52921
80654
63238
71467
88342
24139
96867
57789
91999
93563
70130
20781
51252
42237
25964
24065
 8284
 4330
27691
66367
27923
29857
54690
76279
72974
11662
20981
14441
11712
72793
38445
73634
20942
31157
88580
37910
77108
42454
64738
 1789
33636
12777
25566
 2697
 9358
40722
54745
91371
87538
93976
42529
52038
82472
97258
 1619
97162
38643
33816
59555
49670
11443
69660
58303
 2152
46776
53086
60673
10214
45586
28257
54515
52196
17476
13471
46476
25636
 1704
16762
 5054
71619
53710
 4751
  463
30397
58081
67631
69774
57847
64876
73232
28097
34655
43364
16680
39293
 4065
76350
16871
36671
94874
57932
 5364
49924
52868
19247
92961
98750
84257
59660
81110
76333
41032
57131
32816
82337
71571
30796
 6171
11071
55746
24087
34496
36813
16309
18193
63687
16383
86068
 6836
 9449
95331
40514
 5222
 6038
25626
19849
 2553
91836
91529
43212
30457
24965
79108
 5983
23550
80340
91244
82048
15569
35608
 2326
74649
  196
71411
 8405
58565
 2857
57284
73346
84015
54221
60219
 8322
 8486
31465
42703
80482
40941
75995
30946
 1342
16445
  558
54268
41393
25316
41417
31637
95117
45795
77618
11239
40437
32922
46723
30440
 4751
98427
10475
34714
42343
40107
22831
79891
16603
96997
92828
98789
57150
85035
14748
73784
63818
12508
14751
55660
63930
54930
76143
67211
99400
43890
 2008
40092
48896
66469
34342
44520
46152
93046
11040
74375
77314
27368
26802
62218
61884
68753
   58
88721
98006
71198
96576
64259
82987
95892
40927
44055
74265
64624
61295
65690
99801
 2672
71413
94237
45623
96457
37879
27289
73172
 7811
12808
52977
51221
71369
13513
98624
23170
32110
94098
37045
87399
47541
 2326
89857
 8139
14377
30571
41878
29636
77213
16753
43644
65114
20398
 2105
68237
22131
31814
12770
17688
 1041
95447
64387
59339
27104
19233
38966
55726
 8369
25744
 4932
26701
30228
29837
30845
20195
28282
42386
24958
39923
18698
79909
43814
83303
  132
22432
88122
30732
84025
56480
10969
24961
16641
16144
27533
14831
52968
 5892
45117
65734
50994
56841
43601
66434
16850
49923
78378
70959
34165
90373
57041
89866
12079
57965
47263
98157
38625
94927
 3667
20174
 2820
51441
86312
24047
68081
48686
70643
50442
30504
67615
89170
79758
61935
42800
77449
27342
24316
63850
32399
43250
97883
30213
99055
78415
11761
  587
34376
86451
16407
47048
13676
34700
29088
 1514
39330
51351
96835
42605
32957
90511
 7626
52809
74815
33996
86305
 6446
38556
98569
 3939
69806
29905
88294
20064
86606
 5817
33096
49282
29110
40895
22570
74470
51685
42624
66138
16946
36902
51516
50924
62466
61349
 9463
93076
44853
80070
35418
78807
15379
74767
15378
12137
 5179
85808
30160
47572
94622
44511
 3729
 9680
82781
97443
33946
36316
42210
14705
51509
28165
 9851
59516
59049
21016
 9924
66465
 6499
96883
 5502
93513
19175
20695
 3589
31164
77596
86918
85870
37157
51897
18312
41108
22579
75485
11262
42857
14778
41910
30071
50719
22701
73050
28598
37742
 4068
15969
11031
29426
92792
18063
25019
19721
65364
26207
27157
40621
71214
84163
41751
58766
 3651
24961
94396
54617
62614
90486
88963
77264
40555
61257
83858
26158
19273
55085
35826
75499
83911
96799
18867
58916
64685
72829
95198
72344
95812
47616
44443
28572
11950
24549
27690
24416
76577
 6421
32645
23289
85043
30952
74290
44434
 1712
90317
98284
13215
59805
62176
89386
12736
71673
88634
38653
79095
 3234
 1859
86683
64581
60137
56491
78197
14195
 4657
43199
29402
40368
75462
11122
94489
63384
60402
63735
93120
 5822
82183
40022
25382
78629
94780
85412
 4682
84915
64626
22669
 8866
51036
74514
77022
13846
99522
53093
  868
86990
26216
 1186
97192
85703
76708
74585
 6698
13052
21932
46842
 7845
11341
67086
34675
71581
37335
44810
31594
10417
21830
15802
84846
95184
10848
46375
28851
70117
56373
41489
80561
48639
38745
67735
23779
97096
79236
 7915
89265
23034
35590
96959
43645
47668
62117
18094
64698
11133
83100
 3511
24890
93563
48665
21232
64124
27993
67709
20080
81088
82696
96108
99195
48476
34425
80047
13703
88413
81034
45279
91051
71904
26184
91359
25305
10762
41899
 4811
21753
36870
91326
82916
59607
45410
96384
47873
24216
63647
18328
93627
75797
81885
96593
10539
82754
99000
58388
68356
63468
31659
71950
49712
80281
67803
 6742
34847
88000
 4356
78163
65532
 1678
53483
69874
10704
54930
77363
28197
18268
31377
78443
28190
43526
73780
30024
95156
72917
84494
43982
87007
17097
98421
91051
68078
86107
27716
80741
32660
14405
83237
78375
23358
 9339
78672
55338
75047
14357
22195
94306
46914
20212
20701
76598
63147
13158
31388
75731
 5180
 9029
33622
45670
 5803
 3646
94696
88985
16614
41975
20585
98321
16528
16268
16909
 2132
19679
94066
 6055
94843
28128
23924
18996
63542
68077
95171
90631
23229
90588
39566
66170
65020
 9543
60600
74694
94690
74013
90212
40961
70118
20593
84133
 4741
27080
47303
33972
60730
43895
76366
55809
53799
31377
92814
97684
91887
29029
32077
29420
20480
39226
47427
51945
31527
75041
80549
 5344
19941
35301
31231
 7602
11288
42289
28965
13237
44486
87359
36490
13154
27939
70507
 7144
76038
91512
98919
 1581
56104
20538
22816
79589
11876
92175
44767
87262
22890
94946
90454
83973
83645
25392
87896
 5980
51875
43094
70957
59881
37432
68734
17959
28777
21741
16571
13015
63363
80356
20236
95947
 8982
53695
91964
54980
85204
36081
23329
37589
16988
70030
 8818
70816
 3802
81892
40849
18794
76261
43900
70166
77156
 7175
15158
53491
40531
27126
95543
70313
48301
12856
18898
 3075
47596
21928
38759
54844
32095
99265
96326
61639
56025
72860
58064
23832
58979
37688
22444
83678
 7273
32038
 1789
60765
88958
80052
17091
90675
33763
82311
 9222
 6943
46761
14479
78367
44657
90085
56891
51019
 3905
54198
47907
27913
90621
76818
86016
51177
94945
80510
13104
10241
86438
59885
89681
76226
10800
96458
25982
57222
93252
67310
96915
22656
64332
35961
38375
75721
69422
27412
74086
 7148
44395
40286
41299
41549
96658
97684
87441
65850
29940
84122
74194
86053
68321
22032
 8370
98696
42085
60277
86788
43085
86713
45504
93780
52699
14043
30340
81926
83486
48734
10310
38584
24185
86629
32324
40091
 1901
47389
54652
 2400
74066
30543
73124
89338
36374
80439
36803
58434
92587
55683
23572
37955
95116
36868
10819
98902
20329
92491
76911
31418
36722
26825
87470
58397
30839
20611
27762
30065
  270
31418
24171
84304
 6897
76137
77882
29411
 9947
74931
 1084
91666
97198
90310
77565
61117
85160
63971
57107
88792
23176
99694
66985
19399
71619
95562
79035
49504
16689
20738
90578
54982
71422
 9361
59969
38057
 8487
   50
19304
66746
90941
47894
68928
63573
54630
35835
30599
99770
44113
93181
 2607
52276
83461
15595
63906
27751
45748
68058
22349
77834
69272
30580
90833
57642
 4552
26208
14697
82821
90429
 8407
13327
44812
78766
 6149
52197
57585
 9567
51840
30685
48177
88708
91341
72697
16763
21310
83959
96805
86461
89935
 1087
39981
28206
49061
77744
22736
79140
98381
35024
96322
 4269
36527
91582
66437
68574
24518
 7830
68457
61220
71955
41279
91593
23474
17444
40087
42443
88952
 3459
13865
70370
18090
41792
16342
80010
50212
52332
68804
51228
66330
10418
81972
 9295
46266
 7946
78211
12190
65574
74078
26808
86158
44203
92563
29197
72436
70990
25647
95291
88882
60005
17359
48749
40630
77949
10875
70525
78580
31064
11928
14322
37090
37486
50331
 2669
30478
92014
98762
81791
38754
67712
67851
90936
17059
88526
 1439
96536
60783
52757
89682
82826
 3097
25159
20667
53056
 6751
39986
25492
24253
94712
45389
85907
33934
90553
56171
67485
79861
69847
84651
91901
89856
57470
63719
47130
44124
 5934
20481
59254
19020
 9280
69232
70300
80663
12039
67805
16121
66443
68859
78359
11150
59798
67393
31976
84084
91532
 3434
63310
82606
12441
65949
37297
65455
45729
62423
72347
17122
82243
67534
94623
71542
61111
75791
64220
85123
37291
60125
58013
 1819
75574
 1865
94729
50636
97659
44918
47479
82462
10507
 9778
17465
13591
45779
66130
82558
99406
72854
31030
86255
16597
12860
20827
79712
15827
75051
17057
62998
  276
76473
  600
15509
46875
53496
95311
41246
75749
61953
36513
47072
75555
19074
25028
93305
45454
13393
41530
11482
32736
91708
15647
36600
44193
88793
70482
96583
31634
54980
85858
93646
91156
38322
46656
87107
42476
16581
 9243
89238
40665
44643
36205
42056
16601
75686
13699
88294
94421
39939
86840
51968
20916
79286
76187
28328
91343
65507
85642
57987
23408
96125
81712
41578
22344
 6713
32335
88599
78323
49058
96071
93613
26943
18589
68978
84422
95665
24512
35575
87573
16159
55534
54831
36626
43803
21170
 3762
96174
31866
32321
25952
60376
26303
 9081
 5068
87272
96651
73012
33175
61090
94467
45114
38482
 2954
30178
49427
 9177
28363
 5635
31000
20418
37042
 8142
71409
75637
10094
13917
 6169
85322
31362
18172
67460
64844
77644
84877
39156
65023
77218
23317
86150
96639
91786
58533
18581
53335
65314
78285
56281
21186
18743
46104
47520
21193
74654
56172
66882
10817
25807
35110
13545
59338
29001
34134
66924
60108
 6825
94674
40802
90564
78051
55334
39006
32307
49247
18333
30195
11592
79735
31435
71298
72372
56516
15149
59079
95811
69907
75024
37668
92171
82215
61626
42812
12469
 6202
54579
97190
21712
15732
56689
57124
95310
63900
45928
41132
11820
83078
79876
82437
24259
43441
13619
48012
68294
91102
38992
59119
67385
21541
93242
55512
95335
48462
 7557
36115
67271
40879
61436
21744
26892
42566
94731
54466
45781
86930
74164
27801
28608
38085
60763
31949
44340
44757
25863
68538
60175
89713
89564
 5394
13004
63431
32076
89153
98126
29508
56678
43186
10910
81264
66510
51428
32509
97461
85681
62070
83172
81100
89709
55382
67374
32873
68973
69530
34810
51720
91078
99592
74641
33631
39947
 5916
31016
28700
28547
36611
73663
20714
22684
78879
14886
76123
90910
68638
34676
16002
52625
66823
48659
49113
26718
33046
33344
52910
57043
17711
52602
46399
80556
47344
15727
91441
 7713
84992
36841
22012
52671
18811
68250
 1875
 9814
23285
95783
75674
51110
75328
25637
14668
70896
13076
62201
82570
36874
40801
91283
 8035
 1633
95906
98610
54910
72095
61088
89148
19224
36151
79336
37281
50090
68813
84523
14028
20705
23861
14418
67029
53209
 1650
14858
97928
98260
36993
57537
 4873
65335
91562
83847
64280
 4417
58488
 3145
83708
23144
89783
35756
98834
37685
63394
14245
33362
60424
91178
76647
26388
15781
83579
83488
31673
97417
84481
17656
45796
69262
50397
29258
54706
10096
 3190
33272
42292
80977
42791
68373
60784
88191
75402
63245
65733
36253
29418
 9873
 1682
38185
83454
 9807
36153
28931
82479
82749
66172
25416
34953
20723
13876
89154
58276
44675
26049
78129
15638
 3064
50462
60260
84895
18352
72790
95471
41490
82584
18880
54127
70950
67571
 4274
11342
52586
 9283
 6524
57083
51010
55924
45209
66477
94433
10956
43148
41694
13084
27754
62438
32273
13863
13458
27196
63748
11461
13109
66809
11566
56033
78919
 8723
88271
54257
86312
76995
13988
86695
61278
84790
93568
69142
 1204
57504
66470
79579
42299
64153
48133
93038
85191
32992
73096
 2634
90611
62007
41647
 1974
98989
24132
82751
 8804
81334
92731
78366
95826
59188
46420
57856
87138
24498
38811
 8866
79327
76834
62663
62987
58241
76730
87473
84403
35508
86710
82312
 8277
 4413
52602
43126
67108
70662
29274
56360
89245
 9333
 9498
43256
18718
20941
99985
25252
62055
44705
53070
28253
20813
49860
99274
39030
81193
82007
99069
41477
50244
33275
  423
83907
 5177
26372
31761
64881
44914
23794
 2379
17514
45140
66534
19133
27656
47113
10140
49845
36256
90994
 9958
80786
60606
 4266
38626
83935
72551
  367
25396
55617
 7336
40284
43693
33274
47128
76628
46555
83328
44834
84613
42373
67629
82160
94053
99956
96324
10701
60630
83572
13994
14703
50516
 7717
16677
81953
90206
 7238
78492
36671
41144
81680
66618
 1297
67085
60738
26571
27620
49917
69180
30442
  692
88109
40224
48621
39561
50473
32684
50649
29226
 8405
73244
78558
39324
92237
45677
 1906
52511
 4312
35567
38785
13226
23474
65360
62561
54234
86131
99945
56575
91293
68968
99078
95446
36976
 1700
47466
34147
53827
36812
15875
57131
89062
11347
33151
57456
41795
76086
67169
78005
56937
94970
86665
97282
 4363
45264
71267
94297
38455
72770
46245
90192
81802
79740
85277
67541
91466
82574
69377
86711
40094
66160
34945
97030
34229
58808
37301
19358
44720
41045
98066
16429
99400
  754
72071
74140
85474
31744
40321
66993
91773
 1110
14677
45720
41549
48820
83723
56748
91400
29762
70650
18622
 6718
20744
47380
47457
38391
32214
15637
44743
78144
34096
37825
59432
33418
 7340
67515
80827
49147
 5520
81913
47909
88854
74874
74002
 8689
36194
65217
89144
84206
69445
29529
35045
85651
13473
76082
 2207
69817
68582
 5630
77839
63016
24572
47371
44666
22292
76459
43892
29008
66328
90122
27338
 2945
98004
 9817
60201
83213
52776
32690
75367
86059
58807
89432
65236
50415
48288
95781
20860
91086
47079
71195
73298
75022
19716
42507
13503
64904
 6844
59313
68891
59327
55934
81277
57550
93493
77377
56110
70402
90915
15794
80824
 1334
68912
90142
31860
41648
69145
50559
 4946
22483
81060
19877
30239
54119
49326
23793
18508
 9183
56410
76349
60221
95415
74887
32601
90622
88283
19130
74523
63648
52668
47620
80762
48286
92216
81368
87786
89157
73685
93966
66431
14403
88359
78935
71434
47852
23087
21392
24968
97753
16915
56215
41697
73779
 5879
23004
10895
89308
96311
69868
 9428
63214
26737
80909
12059
59236
58761
24732
96914
20720
89648
39163
63790
41996
72863
77301
11324
97097
19679
65732
71170
43133
94982
42260
 8922
64600
 6226
99550
53505
  659
66625
15763
60487
38133
25505
83510
96639
86406
41171
85519
20233
17706
98877
17175
36000
38254
80020
32202
 8048
97011
83198
23993
96055
72840
 5609
39279
38064
55747
69565
17000
80349
40203
36718
19138
65258
29197
87600
64243
40347
46706
60125
32161
76251
27600
73871
  588
51041
90694
11879
22433
20451
59919
65070
 6099
86594
26497
51326
18830
63347
 1927
19276
72863
20242
96742
11561
53469
45027
36877
51901
11869
69292
50345
  999
30851
43877
88542
96866
 9512
68222
94136
12598
40494
77958
61017
68089
29301
80745
 9781
69548
43460
24687
97454
 1552
68514
55152
 4420
99289
78893
 3221
70781
 4013
21827
86315
53472
81279
30536
43341
23425
20859
74357
72472
37038
58230
65169
59648
80226
62621
45103
45208
67573
35343
 5018
60531
68981
97401
28408
 7033
55809
17592
24371
47634
96389
24695
35862
32523
64336
51201
67046
 3443
43747
95081
23993
76214
53835
42214
65759
22144
66304
29760
 4088
83246
35623
22409
 7097
12025
 2986
24112
69683
17232
 6019
20797
26475
86492
29049
90244
44539
 3908
52951
77566
36358
65137
13251
 4941
49301
38813
93308
 6562
87944
26337
73223
81433
 8625
22596
20726
72255
41632
88501
58034
76148
72169
68479
17816
97668
74836
48339
25240
74828
 2656
73038
14286
60784
87014
71437
21302
76399
92119
53600
52960
68757
71291
12946
18820
 7465
 3483
33448
59417
21589
 9627
44308
11805
55523
98767
99454
97755
89903
14219
75752
21099
 4775
 7540
65839
34964
35097
81665
93653
16056
94814
 9578
52481
29409
94353
48408
76888
15702
99586
54313
26515
 5184
37896
36025
16953
92876
41608
16234
61929
73340
81330
53237
42889
68218
14810
90236
43437
13486
 2028
77769
43958
47376
88233
63820
78118
34798
65273
75726
90497
24429
 2412
64045
81164
94190
13237
28721
76584
47287
50402
66348
70491
61179
 7812
29719
46859
16704
56252
69592
39089
83957
47012
77417
24273
69522
25130
87121
73691
29220
93816
45937
25553
78950
41350
77153
53642
39517
66232
31716
36801
89854
33252
37475
94841
76177
37852
82701
22923
95498
 7165
19222
  198
93342
89252
96309
61493
53610
76613
72392
40239
19159
32363
32056
24149
34321
77480
21828
15366
 3920
 2267
22408
76777
90262
65029
86515
44676
31730
73906
81077
33524
39976
34448
97373
85385
82227
14758
 1868
79037
59822
93067
39077
11573
71944
28787
13136
68385
86666
39385
40030
71303
 1103
81880
 3025
24735
43911
71756
61248
97142
80938
24391
58868
81145
16796
57899
89679
66668
19099
42595
70492
54721
19403
45267
24441
96777
96224
77571
31622
98890
15429
81920
55442
 8421
75504
47378
36203
52728
77541
47687
73061
16873
48837
96400
 7156
94990
96025
66213
14797
86692
38143
74348
13951
14961
76402
79923
50246
40280
38453
16622
32340
32170
97865
21956
29301
24218
10605
57629
74698
32765
39612
11841
70079
18598
 5645
59127
72638
41504
20528
34950
42943
21056
30553
76771
24919
15310
39196
39703
14824
49505
45394
19790
33130
26783
45829
 1060
54129
85333
15739
81077
35242
 4253
25456
53991
60671
22337
31017
27980
12836
 8706
22617
96438
77321
95704
39364
47645
91653
57319
91768
97687
60528
40104
42636
35092
77120
48348
14793
25135
35354
66234
41440
96955
66539
 2775
87189
20100
37359
51169
19331
19411
57932
14366
37973
11649
48430
 9411
 7786
14849
31810
91722
14758
56292
66590
48764
79131
18643
16644
83378
35160
31015
10819
17981
73284
54696
61403
  191
78395
87219
51111
21579
75970
26445
29264
87998
66832
94006
71274
11327
31070
18618
95399
57957
66273
60632
17359
63592
87745
14278
78788
51941
15830
30009
58181
17070
54258
41550
63036
 6071
83569
77831
86031
76381
54639
64907
64441
76690
32434
35172
15456
83617
61878
27017
86885
10011
72470
76350
95926
22082
11819
28889
62596
69150
70028
78398
40205
44354
85641
 8409
15443
80454
82334
63648
84427
10228
85679
40359
99115
24755
86735
82755
38165
79170
19179
34615
56423
78590
77899
81887
53155
26655
47750
53461
17899
 5480
13410
24889
37941
44046
56406
 3829
 7994
 7937
98414
 8870
72288
37685
45415
85737
55384
77210
13396
20005
30053
64384
50642
94355
10241
19625
 5613
25219
 2089
27782
53594
79811
55791
95915
84418
85018
21804
12793
51125
66256
64119
83084
83379
 2882
35131
53895
16506
19691
86840
57094
78022
97429
24001
17036
98570
32640
90153
99098
77043
95027
87754
24681
73675
63026
40753
47926
36923
92512
10527
68832
86406
24459
24156
57180
85153
32420
94258
37816
89312
75628
30258
66600
75684
66392
16782
29227
19332
97605
72230
64206
41647
56348
82355
33597
29210
79612
14404
98264
55105
77595
68024
51227
25835
56161
72323
96293
51292
43182
33391
48036
54289
51460
13921
62045
25691
64640
53605
65404
 6312
90613
34590
50837
66305
  650
55856
73653
24956
31345
  905
68601
40629
22256
88130
99177
23431
54876
57843
  684
17020
40890
25700
61166
35382
30052
72593
52660
63632
 3800
25557
25463
66378
30935
44345
77391
34505
60380
71958
20287
21871
44812
43992
69982
22061
42463
17237
61411
45628
54950
60208
35523
28034
81807
11226
 2816
14445
20379
19125
73219
80694
 8821
29932
62924
99872
 3645
13682
74925
 5270
37959
59464
76258
25784
16680
25663
 6114
36567
47337
64813
85653
21766
64803
48575
22959
48082
 2717
74690
21140
96674
69375
22708
80485
60231
59370
43453
 8195
34103
40713
75087
 3616
81870
99228
 9034
10245
42090
54638
16493
25478
33868
25277
51832
38169
73093
58374
85316
45492
 1294
40338
73696
52970
67058
94500
43761
23491
61607
83186
58383
46900
60358
85304
25708
 5561
40291
81350
45328
13003
46453
64073
 7596
72278
52466
 7028
47068
 3391
70294
74771
23700
10695
99285
90207
67320
32519
87838
86997
75463
37645
 1300
51379
31527
 3300
24445
89276
90855
43907
67466
65162
24554
21117
21530
30423
74229
86207
18131
55722
41297
13623
69523
76124
49713
27247
 3030
55011
95095
92668
86988
35862
41928
12668
81278
25687
96124
78780
20724
93889
56653
78306
59281
61985
 7383
58323
 9707
47246
21034
 1050
14656
33854
 9387
58818
76961
13638
18027
42308
69484
32364
56384
 8829
87714
22504
 3013
84356
14637
 7691
86634
95420
39681
43703
21819
26695
28340
64885
57276
44411
31854
39995
58916
92103
76879
97219
10274
26441
91884
51854
32107
90212
32999
92051
40140
35381
28960
36128
15775
  172
98497
39969
26405
94646
19000
83695
18592
63404
71494
14383
14192
21703
22090
35487
63574
22443
55972
65806
74830
21400
78249
 1109
18453
 2496
71474
92717
55068
84698
26936
59802
 2563
 8663
84185
 9220
28244
40951
48153
89573
52799
 3605
47146
28623
93682
49114
28572
27080
65661
37996
 6986
21634
31628
16069
14794
 8200
44988
29245
 7297
88006
10163
98738
27663
77237
75750
22711
94654
 1328
57867
80702
76514
81287
13063
24067
12309
47994
61388
13785
30291
85552
22587
61461
48674
83548
20588
80375
73652
55254
33589
21785
93032
72162
95647
63225
  527
50270
69118
 6608
39195
58384
10254
 6025
74983
69750
99147
70261
69434
44200
32918
10301
19891
65687
21970
35043
45573
 8978
44519
41974
77490
16797
16751
26681
31889
15075
14302
14396
22853
17045
25860
36958
75394
87667
48870
73758
 1120
86764
19449
99780
73015
43787
49117
37481
 2495
58557
66715
62021
62351
72623
 8552
26495
85146
25030
88395
41083
82947
36785
13174
88337
 5495
60902
93245
87410
68375
72564
57809
29502
17804
48140
 7624
12090
45935
16124
76735
62751
60558
39511
91749
97150
40422
72123
97460
27876
55804
93302
98823
79386
 1149
71440
65694
62895
 9443
99968
73915
87222
97284
35457
56800
86724
15407
   33
 8358
14609
55602
75830
84473
 4091
34726
61870
62381
35880
46830
10658
40876
58761
41662
47798
43804
 1229
62059
70699
54167
42159
 3437
47450
83819
 3644
59062
 2558
29121
10963
87475
98467
82277
75116
99839
49667
44434
79561
70713
46320
 4314
52407
45386
 6507
16390
30993
59135
17413
97801
50811
21391
96601
 2667
33532
12608
92631
66794
98132
19469
20690
12393
59095
 9937
72077
79999
10490
52540
57870
 8949
74410
82198
16011
15291
36559
40090
79570
40548
16166
88559
31846
41352
57546
59292
53874
10310
67371
 8128
52571
15781
 6406
61376
76038
 2276
23691
73812
18042
35323
61767
19091
59948
12806
75756
79732
27356
 8386
79500
40797
64833
97736
36274
52420
77884
32571
48038
59407
11708
34928
 9215
87877
44509
50687
92304
80331
64835
19044
32440
21457
81226
27562
 5540
51564
14920
50866
24849
15664
46540
36934
58271
 1171
 2784
56954
34426
22097
63903
72808
19389
72690
64970
77132
14577
98126
28970
 2888
25501
77379
66013
87058
52662
36303
66528
63020
51672
73667
 6017
81069
36907
95078
21724
51100
69148
78879
56788
26484
75641
 3111
42553
16440
23832
16001
84888
14758
76330
46235
73572
56360
33023
99156
65801
77129
50890
36128
34423
25600
77351
65466
79833
 2829
38539
 2758
  959
36093
59845
68081
 7422
96443
27727
48908
41665
74801
14697
55451
 9170
37711
14663
54366
87543
95472
74612
75242
84279
61766
57535
19833
29717
46557
47464
57866
49931
60819
72737
96147
45793
82011
10524
54157
73742
19239
72227
53140
53351
64266
 3695
24525
21586
33200
59607
 4216
76931
 9400
91912
 2787
53887
33321
86627
17742
93497
43400
71297
86870
14895
24156
21453
14349
90597
35344
13653
40715
11527
77897
95456
70472
31309
48453
79543
26963
71006
71356
76163
22758
70526
 3193
81477
28396
99879
35023
60637
95408
 8293
77921
45578
57589
40844
90960
95745
53117
97582
82094
 2679
98864
38457
92298
 9609
15900
46331
24589
37911
74411
79886
41253
81978
59004
66481
65473
41618
77286
72743
54902
90371
60949
26431
83373
33828
68027
58396
68325
43514
55884
57517
12562
79534
88751
36258
13293
53944
92586
50016
 4002
72689
 8840
92202
87304
 7625
 1784
49636
42787
43066
79700
82561
32601
59954
25880
31604
10786
32056
42629
24083
77656
24808
70791
86163
17750
90972
 3360
79793
54713
26054
98212
96682
36756
78602
59714
10853
96064
49443
88530
29546
70579
73478
44597
85329
29084
66873
69480
83631
44423
70773
25593
96220
35418
 4710
23739
66398
67423
 3725
84575
43107
13273
93202
59841
73489
30434
15131
85954
74496
83408
64968
55097
49215
10829
 5755
30597
71232
 9231
67119
56663
96432
36383
 3343
83952
75231
59263
13802
57453
86051
19805
28496
61528
32421
26357
33752
47302
88753
13051
81777
52637
23858
32116
60932
76572
14525
46304
40200
64202
 4866
87323
75393
59367
99198
10332
30646
70418
58423
49554
26207
86565
21438
12910
42778
61181
96094
17707
58659
15089
68475
90114
54650
92476
 7478
29831
23850
49122
94377
81479
70500
55274
67418
85423
70398
31461
30765
84386
12091
95989
59213
96277
 5211
18709
16599
87522
62498
41201
61521
80991
63056
22769
11066
45824
34382
 2072
76915
57422
43173
62846
41533
   74
23537
59785
50797
54639
55201
87164
17195
63134
12938
62330
40815
61341
66461
91634
 8243
91815
12494
95084
48989
51266
57902
83917
50278
38412
55370
22907
21415
77733
77030
15646
84153
29242
23021
39826
53720
 9283
22682
32988
82557
48790
37960
 3912
14373
86273
 8744
76335
46391
17603
45813
79557
12495
14333
31722
93559
76339
39623
 6351
57134
92010
74717
10546
18110
38050
60405
26963
70889
29746
23925
76054
 3178
42916
21500
 1426
89919
51545
75306
62336
96191
60726
18245
61844
14233
57504
 3981
92413
84127
65287
68332
12300
68109
65094
92970
56731
39419
89632
76716
88967
46410
37271
43325
54470
48692
33512
38783
83415
35926
61556
 3848
 4944
12130
22642
58184
73280
 3540
85671
37120
39143
59942
66511
68315
27658
15700
95434
27648
49956
44259
99562
37169
93351
29579
41469
55270
13694
29680
19160
 4112
22466
75327
82681
 2349
95210
23798
52999
44124
71897
30916
16510
36811
14308
60199
98491
80142
90889
76351
 8646
14778
82003
70755
77108
67351
14101
 2412
18192
76291
11864
61479
37839
54635
94534
40551
38198
65558
73805
36756
25585
87851
43178
75263
36015
93176
85589
  479
 2750
57225
90365
97933
83114
71962
30692
99422
75207
 6835
47646
62098
 9817
  276
50326
64137
27494
18043
28303
 4025
 6791
37171
82095
45682
16270
50697
79745
99675
22241
12214
 8074
42767
 5997
76001
91578
39335
71376
39467
31088
63127
56225
63202
69468
14601
83050
59968
19551
65433
86031
88568
 6801
28910
57398
19866
48386
83592
47873
19638
43643
62424
97831
 2484
16452
43995
40483
90257
75679
44834
10948
71707
39288
48065
78420
22726
64539
15533
38688
51367
  118
 7431
14528
72136
 5363
79604
98525
60728
91747
87083
80732
65037
27429
  216
59500
49707
97307
33094
72553
79593
39348
 3234
74605
29116
38780
35762
53118
67678
81577
 8293
23318
71002
68794
 6538
93633
50643
15909
42009
92004
62075
93416
27580
98968
30029
64102
33710
34473
29239
91470
66559
89408
42029
 5993
41760
10131
20413
39390
36080
22577
50280
61148
 9470
92989
16114
59678
17081
43182
15387
 7558
 3561
81203
67662
85778
58606
42465
 1544
35862
45311
13869
 6438
76457
12542
94066
80749
98271
 4728
19493
45257
18793
61243
 8564
73302
87575
91510
78825
97715
30425
48403
15009
19632
73563
43029
83697
74280
 8921
29070
34540
12968
31690
79212
13050
74929
78981
13446
58523
34993
21946
66971
27496
87290
56618
90886
81636
27296
14692
12657
 4591
16546
83551
85468
68957
  316
14586
80079
98387
18750
84773
12561
55325
28452
 3761
13720
 8912
82749
67554
77045
85122
 5080
11064
32039
89873
 7574
11120
78106
 1119
34465
15419
44142
 6220
51922
92820
62986
82110
18899
 8282
34604
77071
90300
58822
 2669
10854
58855
72682
55834
 4135
96393
75149
46117
26131
21575
84468
65159
90838
88416
88429
46535
75790
49188
 5164
44662
 3283
13469
84701
43055
41203
71350
15234
45818
10473
18342
59400
24314
47840
59332
31567
 8095
68384
52744
 1957
96585
11506
 8605
63634
10965
80086
77589
54396
28434
95268
65172
89055
32102
72422
 5748
24906
46312
68252
17281
71194
 1114
78715
85625
24562
11092
64173
58559
98920
57701
 6468
48893
48209
14191
34875
91297
 1836
45986
99250
82932
38983
93794
82103
79247
83007
 2538
72732
55779
60005
86610
29387
78207
15674
24694
16262
16800
46526
98637
65106
69599
70373
37889
 3441
19854
27087
99659
47718
97379
74636
15915
47810
67356
83266
20459
14569
61807
58599
46492
73088
53443
64129
59200
76876
54966
 6843
75960
41295
92353
83709
84004
15152
32414
19231
11574
96668
54170
 7703
52411
11747
 2907
81715
 7621
38454
94227
78998
55257
70160
83885
61797
12474
31442
54784
40736
32434
74367
14264
72768
 7671
99555
37946
90326
 1056
35680
38009
95852
27268
24840
97403
38166
82756
59496
72128
10018
 5947
91893
73152
50747
16157
39793
50877
55501
67760
76057
98198
29461
92983
55322
94370
48983
33862
72636
39137
13578
61874
98221
84226
75860
97251
 3938
93522
98719
 2629
13112
41507
 8225
85266
21132
56139
30624
85433
62708
92895
35910
 6466
38707
83515
68052
94573
64659
79945
52369
57540
  727
31498
 8405
14190
63473
13170
 7178
48021
80154
14179
34958
44826
11339
97866
22572
85800
55187
34168
75584
43848
32075
61773
72729
54860
89817
63965
59374
60232
33598
96018
41387
 8132
69806
16120
19835
64816
16000
80280
 5894
92991
 9769
25868
21130
60765
94724
  687
43974
24706
52261
84135
77300
95849
21304
84703
23199
23968
25570
 1046
93491
88052
37706
71097
12617
38708
13305
50511
82897
19110
44650
 5042
50954
77473
15974
44993
 3504
46757
99015
98535
16491
91931
52375
16200
14625
35789
81053
24521
69946
59415
56956
32269
74836
10477
88150
19424
83640
32965
78196
64882
90117
86440
18670
53337
27686
45911
72652
30807
73828
48791
 6756
89645
57120
80830
19444
71512
98619
 5148
56954
96622
32675
38560
50780
 1808
 4450
57091
 6150
92367
12244
71980
 5563
53825
76594
 1681
 9518
 1440
70141
81389
65115
66252
22860
95844
 7095
76628
36912
 3549
22810
20342
60173
90779
78017
92533
 3679
64873
72621
 4027
67298
70933
30631
48963
 1948
10726
75601
93380
72646
12703
 8387
31644
52281
67402
77783
76691
23971
11696
13800
65328
73418
41174
 8236
10586
30190
14179
65765
60107
57180
 9601
81747
89907
74676
28327
 9095
95584
43874
14351
67090
33498
74048
83907
89425
 9542
77977
21890
58829
36524
96839
55265
91460
57820
84470
78648
 8340
16676
62359
61751
14050
90369
82500
50672
27978
86361
11680
12219
21670
44761
44928
 4231
81304
15886
79836
65749
68665
92935
19846
53540
11769
13694
 1211
39461
39908
89547
53275
74453
42488
38876
48503
 6107
89583
61005
91059
58893
  506
78440
39762
89041
88386
43136
92323
63779
80384
67252
47691
80289
 8653
22391
56909
90356
64006
 2099
10746
78550
86830
60596
54852
15051
56144
 2965
76499
68369
 3172
86481
47201
81393
78664
 4424
 4362
39083
 9643
18564
 4420
54032
90159
17932
16911
72762
18778
43437
61089
30493
62335
91869
16939
14035
38596
11117
93791
 4101
49667
10309
80790
71498
 1644
24815
72843
72342
34661
13811
97622
90379
89874
96347
17903
88984
17426
95914
48944
79158
 1312
10397
82517
65349
45385
27562
13117
69056
39277
90881
 3341
36433
46565
88339
35459
34630
30491
90975
75967
20930
38247
38199
26171
 6123
94438
34621
61279
20708
31672
46250
35517
59815
93145
21870
83690
24936
43033
 4224
 8521
81302
87873
72980
55822
 6797
51197
91398
39892
58428
17209
26937
52920
26616
13357
25048
33991
75574
89682
28864
64714
84223
61263
25858
24330
49035
53234
37843
72437
95506
52757
51358
22457
64439
63746
61668
34372
 3364
45939
 1997
47017
51459
25339
78360
14557
71640
96683
84336
30368
58510
16234
35566
56182
52143
54078
23715
12336
70711
45738
28454
83726
59454
42948
54779
 8537
48058
10254
44338
16021
36009
77786
82444
84118
47573
29218
27928
86208
40804
48225
98117
72906
33167
45480
65024
93956
49079
52594
56443
56593
69972
68872
 4389
60291
 7467
33176
66356
58981
46128
26580
37647
16083
49343
84427
26887
16231
64308
59423
35305
31474
38512
63771
42953
55639
97713
69259
93288
85424
75815
33433
89283
52699
10840
79460
78915
82094
72959
 1405
51645
39019
 3981
17782
77776
43893
70526
 9759
63720
 2114
52307
68930
33756
49841
53082
39348
75245
52199
75233
72751
43242
42225
93246
61350
32460
30804
89903
63188
11573
94609
38767
68164
25418
 1349
73794
53029
 4834
19861
41833
58853
58404
92796
85750
69966
33389
98143
18321
37614
29458
64082
72221
40571
84823
21724
16083
 7688
62937
19199
16015
  558
83483
85939
66098
 7674
25077
30690
68605
82049
91397
 3850
87993
42389
66664
22716
43805
91569
81052
85833
22365
 6212
79227
23980
40602
46065
 4389
 4809
66317
83273
21567
25481
 5990
78552
54320
62757
95762
35919
71963
68404
44827
59780
65200
84896
68293
60525
88081
43413
33084
 7852
26861
94091
13789
98070
11366
 4195
93259
73815
93218
60018
36464
35774
35624
85302
46331
97998
50902
75080
71660
25682
70549
67200
63293
29217
75950
82249
63445
76233
70075
49826
 1135
86966
47369
68762
54974
43663
62751
80130
23081
25341
 5164
43996
12560
61503
16736
28695
70968
26635
37442
39865
36533
98522
95534
25914
78805
12472
56301
 7736
47218
28080
12279
49147
90923
10773
75386
37116
72749
25216
70114
98863
75521
58005
33423
88270
 6929
81683
84199
13968
 5008
47879
17428
13436
49991
43716
16818
54367
 8209
60029
26953
39459
92842
32463
21299
22267
86357
15209
86427
98441
56292
 2870
82708
 2790
24679
 7125
56480
22372
50715
33158
63691
79190
24501
55304
17143
62744
78791
14143
12370
18305
26972
 8212
95903
56827
64171
25304
65875
27793
98801
 1369
91808
38466
52301
42799
87879
58351
 2888
41284
 3161
83264
96180
23555
11368
61252
82233
42811
  837
85448
 9400
49129
18989
14413
44290
94840
 1830
86899
41611
93190
82421
98647
44627
67278
88377
17599
 7428
97275
99513
39842
33827
  853
86844
61120
78770
  913
13352
32495
49520
40515
67522
28825
32797
74246
70958
25407
 6702
83102
51618
12075
32819
43973
80963
81241
63765
10377
14896
83014
 7976
86696
59392
18287
19145
69700
58810
31409
88940
87748
10621
 4930
24021
46320
79427
57511
51571
28053
76583
 5205
80219
43627
 2033
89095
18168
66810
 1463
67228
29283
50702
65047
54548
66871
33556
 1420
 5406
28601
30124
30729
23325
 3753
29586
99272
52030
53576
 3212
72079
20073
59262
65803
82619
44182
60979
44754
35524
29389
80967
31680
70536
67836
97971
24774
 7101
34436
 7890
98373
28756
 2651
43716
50971
16286
74537
28235
 7936
56187
98102
26049
72238
96027
64396
41976
90098
76603
64490
64401
 1014
80176
90730
72465
78324
 8563
80779
51952
  192
60200
90869
97157
67577
53833
 5324
 4948
58968
41956
22270
96508
67722
40084
25232
75187
51213
40218
51917
52266
58495
77059
95471
42869
29808
23801
30237
61598
44668
37180
99742
81291
60920
77309
65385
71911
43337
51263
11768
12375
43256
76911
80709
82679
 9176
17963
47814
52509
89100
86993
20674
 5279
18067
61603
79136
81927
66290
72163
68692
19523
84675
37177
16451
57643
13292
84786
54082
16527
85353
73634
87646
29903
43119
32075
54740
71494
94168
66938
 4656
15187
46116
48748
47181
47164
16920
82940
55730
24989
86456
 1358
16194
88900
25666
 6770
65309
48898
62704
28602
12666
35815
54596
80207
35289
42976
68927
78307
40011
38765
17003
 1463
18663
79961
49534
36215
57146
45751
42656
22748
79369
76559
88429
54314
 9130
87959
15083
70270
60630
24850
11023
77199
35321
75581
 9003
28490
18126
19816
 6277
33743
59323
91556
89660
75945
74096
93066
95183
 8394
35000
53495
37800
33451
13765
33982
81958
31458
 8491
99308
 6714
87152
76429
 3875
24689
30997
57412
40448
 1118
78708
90187
26171
53335
70261
85354
18141
91499
12755
61416
66171
44662
54122
82267
92679
42166
17887
58012
97690
36109
25497
 9498
93533
36368
11500
18809
90639
23527
88526
32013
58949
27703
61170
80699
43575
41385
89100
99707
97717
33405
 5618
39697
28331
68242
55291
74753
12895
12191
96865
52473
 9989
35164
50355
12571
37539
36999
51847
40907
54804
40256
19215
30263
45885
81281
56518
83740
41136
88580
15613
38282
19901
86390
48405
66623
43966
83489
81687
68571
70775
67207
14614
14722
72328
92729
14253
 5613
37675
43292
81415
50442
  761
  709
92806
15553
11944
53652
38867
 2983
50825
36896
63154
72986
63965
24660
39311
46065
46841
39576
67497
 4987
82005
12685
32116
55580
91121
74032
86915
 7634
67618
35690
48731
59818
78370
74746
15425
41537
70591
41341
31845
 1520
96293
22286
16127
79763
87870
33114
10419
43227
40077
97302
19430
64098
95587
90408
58340
25228
 2059
76435
10932
23698
31022
73885
38644
28819
84732
47883
22280
23977
92221
 3023
27509
 6754
25194
28041
82151
42956
77034
29317
32664
17383
12163
54820
 6495
17340
40384
 5623
69358
39382
22938
18147
 7249
61194
 8929
69762
33731
49876
 6955
63610
77004
36408
55580
18878
18167
20381
95030
71358
63381
45996
 2889
49910
46180
22180
18992
69060
81415
28819
93910
81122
65356
35572
85024
85133
24813
57442
41954
49782
26088
25917
55949
86422
27646
79641
46445
 1919
91077
83441
62512
73100
96962
98419
41190
51485
66041
23525
81912
22858
83688
55472
23414
88296
15535
 9477
92909
86241
84339
68624
97233
56836
29518
90790
41236
35549
69287
75083
53578
11259
36049
46452
26429
60768
14634
49212
   97
75901
13395
85053
51795
87791
74269
96061
49195
 5132
40899
81346
62896
66513
66239
70043
70130
41546
42108
22272
36772
39393
63314
31897
11942
17337
15925
94616
74040
54672
71460
36484
 8018
30069
21977
71166
89109
32712
51918
38987
80215
51158
84942
42507
89897
28716
92672
17711
70718
93008
 9196
97638
87784
60660
63322
37978
43179
69095
49959
78118
80981
87310
93713
23472
11220
30173
70031
17657
10025
27988
 1171
58936
71957
49359
22218
31931
92844
13066
53748
21262
45021
59010
36724
41837
 8630
42207
97661
24767
43363
13115
60087
97479
14685
 5944
95894
70864
31206
60356
87610
19901
48520
95442
21958
12358
56555
65026
54802
92897
88623
85157
27865
78201
81023
 5680
 4994
18218
21662
23580
58625
55888
68008
14697
30083
94014
91315
 8381
16890
95466
31854
95857
89264
88644
84513
54001
90861
81762
95191
71572
46645
59729
44512
82102
46192
19473
49445
66603
32799
11851
87117
78264
48280
89616
64348
30899
27607
95346
36227
61958
25275
65181
46329
40595
82133
23350
88004
11039
 4019
18855
 2757
93294
45821
24595
59146
66858
51291
16360
29282
31390
41957
55420
74019
21632
30933
65170
  881
85530
39145
66011
97921
55737
43756
80323
13751
29214
99412
53134
29237
49431
51652
36494
94778
75091
44656
34411
21989
40775
99876
98713
68107
23687
72232
47696
22092
39596
42240
62836
44179
96092
67841
13139
65543
35887
42750
91264
75636
43577
 9227
95278
 4869
60313
74256
99473
 6610
29135
27761
67802
 1329
64335
59717
34512
27150
18653
96640
14586
44694
87966
 4958
87917
32963
 2678
44218
97204
39868
74280
53109
 2401
82103
93713
48881
81317
30166
71529
50418
64144
34894
 8495
57940
42151
10781
36099
50683
20739
61126
49881
87154
62763
22769
12511
 1334
28514
99444
48818
99786
97870
 7826
20296
47984
12453
57837
13222
34507
  709
47207
21800
66273
16853
51281
57712
50004
  721
 4314
79852
79924
35601
82846
55781
80795
75873
39806
39712
52139
37131
87932
64290
53547
84899
70527
85813
43826
41091
77831
19119
96103
12074
99107
30585
16612
61213
38424
90330
82464
29862
49786
89965
21200
 2066
62578
15403
96114
 3318
 7823
88239
52337
86111
20701
99871
61388
44141
74809
13420
70534
91893
 2883
86154
87962
72029
20255
13647
87620
 4208
98225
43380
97121
56287
30999
84937
88340
12735
12186
23725
50067
91618
34358
51112
13401
46900
61135
64049
78361
 8607
98299
77815
60741
 1625
24864
85566
24486
31583
92559
94324
71263
91112
82368
58815
36544
74435
28267
19167
52853
66032
 4027
56391
25275
 8359
80483
98576
62261
43138
24128
11682
83861
44616
37990
70426
 8236
25847
71751
38294
91397
50116
17730
60507
61306
39254
95093
41900
69436
53909
27504
 2903
55670
63739
74615
73901
37681
 8702
59832
51675
46904
27576
83751
34619
19689
43024
52334
17212
45532
10863
22428
32648
82341
76940
55551
17306
80982
20591
18257
46552
53901
76984
 7821
80415
63032
19840
63058
15249
54597
94486
28635
76528
98603
32829
28193
 4265
91004
65522
 6851
79688
90575
 1981
81239
56429
10874
50437
78187
85439
92295
43130
 8644
37639
88590
56209
57646
16362
16521
30707
34246
31024
13137
15907
16786
49316
  798
45948
11952
16107
80178
96026
73251
89142
12592
38108
62331
93496
47841
64768
90496
95311
36965
81160
17556
80226
 1742
82074
69354
40359
27220
56609
36820
 5963
89040
65761
49910
41957
14605
56823
55309
86183
23520
47132
32081
64056
67072
82678
33740
34803
34152
54171
66362
26800
59015
 4327
82654
 5781
28115
50759
62414
99755
64032
64549
45894
20942
65897
16287
12455
78502
10979
30419
41056
49519
  912
71655
28868
60731
49908
40899
71250
53863
18944
44830
51039
44742
58996
55522
42079
 5322
23813
21966
85055
70607
86122
82430
40552
 4446
54748
48569
 1792
12222
59504
52832
58495
10502
88323
29252
33802
 7120
20655
13333
72029
96695
73131
24321
79518
80133
29859
27613
20828
99533
68992
56818
44440
76863
69508
14548
66108
23464
14086
24529
23342
73399
23840
 1181
44699
95218
23222
58106
54916
69855
44947
35810
78010
36202
28350
78643
60901
 7015
24455
88992
39399
35822
 8472
85851
15366
67744
77795
68413
31126
63862
20242
51487
76706
37828
13790
87321
73039
55745
32867
 1713
54790
 4487
 6046
55654
59056
41006
91292
46822
78796
65076
 4691
 7959
94706
62333
80223
57072
77469
 3331
27043
42902
89213
50194
38170
89312
82823
66012
44028
25393
38984
76382
75507
40718
20769
38918
35529
94256
 5876
 8750
83432
43093
57728
77953
22316
25927
63254
28920
81756
14097
30956
98351
94778
27736
55576
54966
42611
50141
 2128
63068
49453
73186
93153
31854
44453
79856
38695
40046
13131
45963
82721
13833
56139
96661
45562
17240
81349
29463
76580
65056
24395
54372
40838
74181
23150
64284
 8340
47365
39657
40679
93742
 9333
 7195
97353
71648
47454
85052
39957
20161
13611
85705
63294
89832
19613
31185
59046
61942
62186
32155
71149
18964
84722
25445
17473
59694
69029
66218
17701
24636
31427
38703
97075
65668
11669
15246
12426
73637
11145
74549
 5027
33269
87238
55348
78497
85666
 5057
16640
28989
62752
 5117
47150
89279
97398
68221
88248
53473
78940
56343
31391
10387
 1459
23668
24787
62388
66006
25483
77752
43679
36220
87609
14840
74413
86913
26693
86642
11419
18874
55844
48160
44961
70584
52538
28155
76375
33834
70963
20130
21401
58620
21411
64998
66780
11276
20164
81320
56611
65181
97433
46930
63816
56539
84261
88108
70051
18581
35329
83060
13711
20058
69923
 5667
95228
21225
71964
95389
46541
29678
 9198
38239
67769
85705
46164
32006
19476
42421
 3085
13219
89289
79187
78858
71628
53479
11180
19204
25368
48780
35655
86751
82495
99365
 3286
27526
55411
95506
76163
34427
 8105
51637
52569
72701
13276
35186
10920
52187
39872
26670
74235
36680
20406
64711
83853
59888
 2534
35593
22813
41139
37880
69739
60248
40673
21937
11574
27373
75625
67439
84192
51104
 2708
66852
96286
95412
14414
 1111
51038
14070
51930
56542
50939
36989
 2721
71727
29677
70116
74277
 4016
33532
24121
51237
61469
66848
27544
91977
21290
75914
66931
76855
58435
85169
10505
15258
47406
 1712
57682
67034
12294
46259
47897
58123
72587
49339
 6559
25392
29237
13845
90310
24926
22607
 3120
68979
76954
63731
76360
87654
 2988
36330
89873
43182
72882
 9966
88197
78127
15831
16312
68388
98986
36564
69456
54171
10446
 1392
57480
24839
83874
35638
72890
12659
45482
80117
62132
88457
40909
47806
64124
69492
60993
68932
30802
98686
64537
12224
12112
96873
13600
78815
78080
87545
14906
22806
 2602
39410
95943
 6080
60016
89079
 9131
24963
75615
62849
63707
90448
15472
51570
 8790
23090
16961
40139
97169
66621
17657
 7516
26939
92526
82484
94175
 5000
80270
 4033
51474
85084
16815
32287
 6920
74199
74275
 2868
86462
60768
38684
78783
60517
19431
76468
 2970
25898
79842
21564
 7280
97658
87390
36317
19434
79947
23977
67297
10646
75586
27450
64662
92766
12680
43601
25306
90695
41032
48516
28032
21287
29562
89212
58635
18063
71793
43827
37017
67478
43599
99878
 3083
 9618
14741
80380
46820
97776
72825
16760
67081
77903
99786
17731
57310
12280
41854
21596
72011
30599
24626
42120
59806
95943
95872
35384
25326
49669
86073
76162
28272
76048
86692
50811
52175
59664
80352
51821
93744
 2095
57406
13559
85101
 2510
 6937
14913
72530
73728
34678
12168
25987
72211
88356
63105
41086
29908
35879
83974
49558
27006
61840
 6185
63491
78257
12022
95433
13589
88813
 7761
77304
81004
87367
76846
 9214
77345
60244
54532
16993
67479
86819
17450
 7533
 6885
37937
39969
97893
39230
19770
42457
 1485
63484
77689
15051
57525
83466
71175
   50
19461
29775
71603
47631
58795
35506
51081
90017
34307
27104
30385
20831
 3559
91715
46858
 1549
58455
17164
24997
23690
83210
92504
70901
31602
 9034
61128
30974
  113
62115
47674
20978
77484
20845
30336
36043
56211
54619
 5032
39312
51645
64104
23973
17081
25870
74461
82442
 3422
36716
 5936
51262
65964
59695
 6577
93329
 6859
84482
39925
78358
45556
33436
75618
96132
91193
63726
96346
23423
86838
68585
62962
89341
71951
78782
37252
 7293
96100
20056
54507
55474
60681
13175
35173
31723
27172
13657
85312
29722
22928
  830
31988
62312
87784
 9556
83879
31961
27596
91148
75375
39082
91498
27011
 8882
54466
37067
53608
34257
24058
36984
90327
14165
41894
59365
62569
 1784
22269
95025
46364
74065
34946
33803
13643
 4680
80268
10244
59845
50388
74639
49736
49203
51100
74563
79341
14333
84840
80210
 4409
12550
65711
51262
50578
33905
56283
20418
90358
 7737
80298
67831
  199
93432
50844
95364
65418
15238
70951
17986
80740
 3797
54757
33978
99111
 2359
58814
91572
 3386
42474
94750
90854
 8051
71742
20304
32715
11962
49612
18834
95459
89944
11310
84907
11538
29718
25079
31573
66496
40905
44610
33885
17480
11678
42886
72222
54784
93982
31859
51583
15483
15134
46005
51537
19062
48180
38812
22577
80293
 8770
96780
43660
70904
66690
73140
12489
38642
76946
35986
63164
47271
10703
86133
18090
 4263
39817
47013
44148
82232
40823
51321
23140
86496
 2244
30795
78212
52990
62017
60982
50466
89660
64897
71728
61247
69580
 9968
26554
57893
97417
79451
15233
45100
62494
76803
29585
85870
54035
 6432
83521
89554
97941
52413
46148
28055
12762
39097
27735
62471
16601
13891
59515
62597
20434
89602
51816
41508
48435
30121
83438
51494
46999
94761
46316
29533
 3511
61137
41500
88155
48826
87855
38794
 7664
76751
22578
86781
49177
75443
  255
 1543
14800
33182
54435
  481
85344
90797
 1997
57087
60580
59416
80267
78151
69003
82177
64020
87240
49905
77070
68104
97850
  194
72592
26413
82430
21454
14206
 7558
65774
62326
35739
86796
64644
80096
22060
98947
51850
 9668
36585
80920
79480
33644
 6051
 9745
60262
63560
85148
13528
80689
28078
12404
91235
28055
92020
96263
11753
24002
12232
74733
64029
 8697
48263
93861
15567
46140
52816
78527
74869
76918
47699
84794
90223
29623
63751
45735
99197
86118
70075
54216
44168
44279
 9980
76491
14009
20318
83677
 2250
62557
12377
95227
10537
93756
 8869
 1921
49962
21293
65836
45623
86967
88418
14059
99111
91578
29420
51200
56675
87721
27305
59244
31846
59444
58737
90879
79772
47543
54794
38294
35215
98394
58655
27637
86190
 1185
44891
35916
88900
17015
21609
63363
61560
17182
60357
92800
77238
94668
59746
52905
51771
36810
19144
69561
99438
75267
77152
29028
 2525
96678
 5945
99082
21443
71384
73518
15565
 9019
63903
19910
68164
99237
35649
94959
32376
19740
53922
80905
36236
44967
30263
55600
 7967
18853
32745
26201
81443
51830
40051
89556
93406
45408
27809
17027
62547
41462
29609
57149
14704
94386
84571
40189
98850
48425
40939
21404
 9821
84544
 9625
33788
99758
10400
64368
31377
71251
71090
35313
88021
20599
89822
92607
97313
55406
27413
25727
72190
81970
12947
85478
19362
26009
19402
19426
17231
66172
75710
31142
36301
70288
48341
70353
39430
96125
32272
88583
93694
63950
43913
 5142
25494
 9774
51720
35659
91890
63769
47564
62392
11686
66027
 1210
27191
63450
75067
38271
17459
80514
57154
89657
88397
46890
75445
17721
24932
67284
56850
85142
30354
69010
75839
89943
30209
15785
 3293
 1269
76262
21638
65307
41671
11427
47508
 2094
33015
29954
20253
16897
53982
13527
12003
35357
10967
 1368
61764
28538
53244
27299
67309
79924
34348
27663
56622
35117
39929
48046
98905
70424
37867
93182
96451
55694
17581
20812
23198
90879
45169
56659
32598
33325
81002
42158
37280
42397
62570
39843
83231
83982
12705
42045
70577
13862
70724
18184
57070
95823
79703
13651
65927
77570
79038
81216
80329
10343
18951
93783
67771
42394
17877
98006
40151
72946
48992
22068
23334
23312
56987
31291
12564
62023
47913
23172
 9034
28081
55087
92885
25922
92837
93157
63102
78827
19292
65170
22475
21823
45362
67536
27938
93791
83233
42851
 2092
14645
83659
97537
61370
32975
25740
30946
89368
18141
18479
 4992
76039
 4388
19606
22491
64089
 2948
14447
21224
22875
71987
48154
36522
34615
72370
58578
33996
62534
89592
25202
76204
43433
95500
87776
11890
33500
85904
22937
77270
44375
16488
19561
78185
52528
76149
 6100
96236
97978
66695
42503
86884
14861
85320
53404
32491
46028
42529
  655
87211
84005
55623
45255
26094
81463
75848
49715
49733
73832
76413
10615
24035
25669
16192
71770
67187
29395
18805
55226
61662
61563
64442
10152
36186
 7094
79050
38480
63153
47976
46092
26271
72121
39669
34954
26781
25142
58468
88922
86266
 8956
47007
97728
27612
10986
46034
74722
56875
87988
19839
98132
  339
49684
34095
67551
27139
45277
60171
80122
47342
 3063
73686
82099
75390
66072
 9640
87906
12197
37609
86976
44863
69446
86444
34959
22996
50394
13220
37997
18135
21968
87225
68265
16664
92496
80114
32938
 2206
22698
43453
19390
10257
89633
57317
54396
 4739
34607
63683
86950
60836
16884
51347
76612
67902
71918
77891
95646
92904
11375
62141
92096
73665
74589
10067
78257
98273
38812
14741
 3894
 5544
56014
 2227
 2576
45648
14673
49897
 2350
31134
28561
40232
15872
99045
54446
 4507
50390
83933
 4996
68619
42489
59955
91073
13672
47117
65218
32950
71592
23748
41927
77120
70167
25971
57180
44270
40408
33616
58299
84267
84258
70753
37033
91443
43550
38434
53846
23298
97019
  469
 8486
99223
65417
94499
39366
34095
13737
82257
21742
81208
81703
93393
94551
36988
40430
80623
36115
58261
95200
71704
88996
94365
26200
40680
90373
68570
64434
99158
33758
 4579
36838
33355
85078
77543
19398
47130
16618
38941
11012
61268
48498
79847
73546
18153
93060
37034
79368
35423
53042
35598
 9313
86280
 1933
95528
58994
84922
72748
98043
35579
57985
49847
21400
70943
54568
23970
71024
89868
13811
61642
71650
66931
78535
11220
81111
85442
32074
25513
68593
92770
92203
 8037
61483
84086
27673
70955
62229
60778
58810
38761
22477
 9018
61406
 5209
 9410
51124
42745
91294
27183
99211
88201
99651
53259
12972
57116
83160
99534
46347
16273
61414
15703
90278
49643
23643
67063
48643
43451
47475
60988
54222
67972
63267
80816
62084
21802
78586
48703
84513
63209
98592
60876
28795
77135
88607
71102
